0.050000 0.050000 0.050000 0.025000 1.975000 1.950000 1.950000
0.100000 0.100000 0.100000 0.050000 1.950000 1.900000 1.900000
0.150000 0.150000 0.150000 0.075000 1.925000 1.850000 1.850000
0.200000 0.200000 0.200000 0.100000 1.900000 1.800000 1.800000
0.250000 0.250000 0.250000 0.125000 1.875000 1.750000 1.750000
0.300000 0.300000 0.300000 0.150000 1.850000 1.700000 1.700000
0.350000 0.350000 0.350000 0.155565 1.827215 1.659718 1.648893
0.400000 0.400000 0.400000 0.085599 1.813041 1.657201 1.593480
0.450000 0.450000 0.450000 0.015633 1.798866 1.654684 1.538068
0.500000 0.500000 0.500000 -0.054334 1.784691 1.652167 1.482655
0.550000 0.454424 0.469154 -0.124300 1.770516 1.697439 1.467666
0.600000 0.394305 0.426006 -0.194267 1.756341 1.749981 1.458827
0.650000 0.334186 0.382858 -0.264233 1.742166 1.802524 1.449989
0.700000 0.274067 0.339710 -0.334199 1.727992 1.855067 1.441150
0.750000 0.213948 0.296562 -0.404166 1.713817 1.907609 1.432312
0.800000 0.153829 0.253414 -0.474132 1.699642 1.960152 1.423473
0.850000 0.093709 0.210266 -0.544099 1.685467 2.012695 1.414634
0.900000 0.033590 0.167118 -0.614065 1.671292 2.065238 1.405796
0.950000 -0.026529 0.123970 -0.684032 1.657117 2.117780 1.396957
1.000000 -0.086648 0.080822 -0.753998 1.642943 2.170323 1.388119
