0.010000 0.040000 0.039510 0.039960 0.039470
0.020000 0.080000 0.078039 0.079840 0.077880
0.030000 0.120000 0.115587 0.119640 0.115232
0.040000 0.160000 0.152155 0.159361 0.151530
0.050000 0.200000 0.187742 0.199002 0.186773
0.060000 0.240000 0.222348 0.238564 0.220966
0.070000 0.280000 0.255974 0.278047 0.254110
0.080000 0.320000 0.288619 0.317451 0.286207
0.090000 0.360000 0.320283 0.356776 0.317259
0.100000 0.400000 0.350967 0.396023 0.347268
0.110000 0.440000 0.380670 0.435191 0.376236
0.120000 0.480000 0.409392 0.474280 0.404166
0.130000 0.520000 0.437134 0.513292 0.431060
0.140000 0.560000 0.463895 0.552225 0.456918
0.150000 0.600000 0.489675 0.591081 0.481745
0.160000 0.640000 0.514475 0.629858 0.505541
0.170000 0.680000 0.538294 0.668559 0.528309
0.180000 0.720000 0.561132 0.707182 0.550051
0.190000 0.760000 0.582990 0.745727 0.570768
0.200000 0.800000 0.603867 0.784196 0.590464
0.210000 0.840000 0.623763 0.822587 0.609139
0.220000 0.880000 0.642679 0.860902 0.626797
0.230000 0.920000 0.660614 0.899140 0.643438
0.240000 0.960000 0.677568 0.937302 0.659066
0.250000 1.000000 0.693542 0.975388 0.673681
0.260000 1.040000 0.708535 1.013397 0.687287
0.270000 1.080000 0.722547 1.051330 0.699885
0.280000 1.120000 0.735579 1.089187 0.711477
0.290000 1.160000 0.747630 1.126969 0.722065
0.300000 1.200000 0.758701 1.164675 0.731651
0.310000 1.240000 0.768790 1.202306 0.740237
0.320000 1.280000 0.777899 1.239861 0.747826
0.330000 1.320000 0.786028 1.277341 0.754419
0.340000 1.360000 0.793175 1.314746 0.760018
0.350000 1.400000 0.799342 1.352077 0.764625
0.360000 1.440000 0.804529 1.389333 0.768242
0.370000 1.480000 0.808735 1.426514 0.770871
0.380000 1.520000 0.811960 1.463621 0.772514
0.390000 1.560000 0.814204 1.500654 0.773174
0.400000 1.600000 0.815468 1.537613 0.772851
0.410000 1.640000 0.815751 1.574497 0.771548
0.420000 1.679999 0.815053 1.611308 0.769268
0.430000 1.719999 0.813375 1.648046 0.766011
0.440000 1.759999 0.810716 1.684710 0.761780
0.450000 1.799999 0.807076 1.721300 0.756577
0.460000 1.839999 0.802456 1.757818 0.750403
0.470000 1.879999 0.796855 1.794262 0.743262
0.480000 1.919999 0.790274 1.830634 0.735153
0.490000 1.959999 0.782711 1.866932 0.726081
0.500000 1.999999 0.774168 1.903159 0.716046
0.510000 2.039999 0.764645 1.939312 0.705050
0.520000 2.079999 0.754140 1.975394 0.693096
0.530000 2.119999 0.742656 2.011403 0.680185
0.540000 2.159999 0.730190 2.047340 0.666319
0.550000 2.199999 0.716744 2.083205 0.651500
0.560000 2.239999 0.702317 2.118999 0.635730
0.570000 2.279999 0.686909 2.154721 0.619011
0.580000 2.319999 0.670521 2.190372 0.601345
0.590000 2.359999 0.653152 2.225951 0.582733
0.600000 2.399999 0.634803 2.261459 0.563178
0.610000 2.439999 0.615472 2.296896 0.542681
0.620000 2.479999 0.595161 2.332262 0.521245
0.630000 2.519999 0.573870 2.367558 0.498871
0.640000 2.559999 0.551598 2.402783 0.475561
0.650000 2.599999 0.528345 2.437937 0.451317
0.660000 2.639999 0.504111 2.473021 0.426141
0.670000 2.679999 0.478897 2.508035 0.400034
0.680000 2.719999 0.452702 2.542979 0.372999
0.690000 2.759999 0.425526 2.577853 0.345038
0.700000 2.799999 0.397370 2.612658 0.316152
0.710000 2.839998 0.368233 2.647392 0.286342
0.720000 2.879998 0.338116 2.682057 0.255612
0.730000 2.919998 0.307018 2.716653 0.223963
0.740000 2.959998 0.274939 2.751180 0.191396
0.750000 2.999998 0.241879 2.785638 0.157914
0.760000 3.039998 0.207839 2.820027 0.123517
0.770000 3.079998 0.172818 2.854347 0.088210
0.780000 3.119998 0.136816 2.888598 0.051992
0.790000 3.159998 0.099834 2.922781 0.014865
0.800000 3.199998 0.061871 2.956895 -0.023167
0.810000 3.239998 0.022928 2.990941 -0.062104
0.820000 3.279998 -0.016996 3.024919 -0.101944
0.830000 3.319998 -0.057901 3.058830 -0.142685
0.839999 3.359998 -0.099787 3.092672 -0.184326
0.849999 3.399998 -0.142653 3.126446 -0.226863
0.859999 3.439998 -0.186500 3.160154 -0.270296
0.869999 3.479998 -0.231327 3.193793 -0.314623
0.879999 3.519998 -0.277136 3.227366 -0.359842
0.889999 3.559998 -0.323925 3.260871 -0.405951
0.899999 3.599998 -0.371694 3.294309 -0.452949
0.909999 3.639998 -0.420444 3.327681 -0.500833
0.919999 3.679998 -0.470175 3.360985 -0.549602
0.929999 3.719998 -0.520887 3.394223 -0.599255
0.939999 3.759998 -0.572579 3.427395 -0.649788
0.949999 3.799998 -0.625252 3.460500 -0.701201
0.959999 3.839998 -0.678905 3.493539 -0.753493
0.969999 3.879997 -0.733539 3.526512 -0.806660
0.979999 3.919997 -0.789154 3.559419 -0.860701
0.989999 3.959997 -0.845750 3.592260 -0.915615
0.999999 3.999997 -0.903326 3.625036 -0.971400
